23498
98438
15777
24969
63093
59097
36276
65570
17417
39485
73032
58102
1146
97935
87508
48522
82556
5853
68955
72983
19749
85144
6494
49562
37713
28376
18770
56631
46239
30669
5612
30987
57337
10653
81497
75981
63921
1758
69034
34943
78438
68498
99341
76791
47782
9370
92567
10436
10381
30521
1949
80512
31884
34982
88897
54641
87269
5645
96489
73435
88946
71715
51660
59622
11718
29635
42534
60071
21035
97514
80971
38957
41866
63307
70520
68779
57834
20016
7237
46717
18831
17519
89526
72408
47620
78436
5937
49683
97555
51312
23978
73516
20912
21582
31609
25528
72822
83790
34253
94443
57481
33712
74779
58688
88571
44094
48174
26054
26698
71526
33410
82535
79334
52275
4940
24565
54448
96711
78065
78675
54206
94359
88343
60958
3260
21507
17496
76663
25068
71728
16530
42605
54830
96420
40284
36011
6938
73534
58004
66620
99146
97807
89875
31446
96885
77241
71201
33930
80118
15490
33317
78535
65131
57269
27317
34117
53017
43349
90412
61077
88589
94623
19481
49378
12414
30171
62228
84675
50734
89214
57835
64513
34350
45120
56027
29920
91649
83157
11226
56875
88505
73417
82929
12384
52862
52349
3080
14869
18797
72473
51545
32358
96765
52845
47942
43549
47996
57864
66470
39420
68696
71956
34458
71913
76730
31500
67454
72727
89645
66330
62235
67885
35005
36113
39002
62741
91450
35812
24851
75459
67803
49922
57891
4831
84575
73871
41244
13522
45230
33472
9974
17673
86079
32114
22019
93417
59987
28839
29121
85359
95166
10110
47176
47682
74214
48494
81443
39000
97027
48863
16795
21122
7751
75460
11887
56948
98775
39065
91744
50613
87831
20310
25577
2943
70500
62605
2060
21588
603
646
82310
13661
72279
65075
10405
6144
74296
30738
14128
79422
75486
31008
49156
19365
22004
69908
43008
82553
37130
94559
67702
30746
9723
32926
61474
57138
66094
26265
88630
53597
91831
97052
52692
1429
28189
67887
79573
69242
3767
79859
6822
51066
93007
36732
82002
50434
23272
65638
57754
72097
91228
40885
96802
98389
82846
57389
24549
38229
66687
60874
62344
71034
21740
3613
21324
85227
85556
44388
38941
51716
4838
453
26311
78817
71001
28167
90441
75500
20518
40012
32546
47393
52944
41295
17543
88891
33508
37078
20310
12253
86203
51220
75045
19039
87964
81950
93140
26226
73022
85959
45249
24594
24716
37275
51418
3175
83777
16404
16908
38616
37138
75101
60538
53357
40843
27072
60458
2110
67473
96622
11130
72542
19047
20715
15984
12126
89356
47826
70126
59263
24834
73645
75140
86680
17098
89833
62752
67136
17098
97049
39520
19096
75056
94922
53928
56120
22928
17758
13551
65396
56297
71592
87444
53291
64998
18978
36046
43116
65281
41070
72929
31750
11234
93768
62316
63594
32453
28804
63519
35615
29465
87241
201
56034
48324
14505
53008
32727
77572
25788
17562
13264
12272
7160
77384
46585
44093
67343
15235
31326
42621
47397
69038
88730
47138
52269
49883
79965
80385
74335
76953
72888
37809
69495
83467
1224
78994
77165
58004
30717
81610
90509
43567
41958
77450
27923
81947
68475
59664
14789
2675
93991
46790
32204
96571
49680
15239
78639
34326
4452
80770
47246
25749
70817
93335
55257
85802
80704
11550
43851
14842
21183
22151
62022
69585
95179
68572
62220
34128
44871
33122
17207
38241
38715
7870
73430
94635
635
49141
95876
37249
4402
37932
14822
53524
86028
12590
57153
55817
17405
40556
83286
9221
39953
35550
20060
39525
24689
17832
84792
83595
91759
5144
12634
75634
77262
92395
73687
98466
90640
30927
47327
56159
40637
83459
22075
93692
76942
31387
9893
88525
93235
5920
14179
80026
34823
68212
84193
33711
34926
36851
1354
21680
2663
75893
1571
3434
82388
66736
73348
73861
12707
50650
89555
43029
86329
11243
21375
14960
49754
50433
21879
92282
10647
85022
66469
42940
37396
99148
32042
78355
49653
9185
15030
64612
65028
91517
25156
22317
44002
2480
24656
96247
54504
94713
58454
58120
20600
15753
22153
83412
71557
18277
88044
75252
6203
3402
27344
47855
8269
68011
8811
44596
46265
22391
34705
77066
29114
6166
95602
32830
86602
11537
32208
40124
68146
30769
66778
37113
62575
36991
67882
79213
41475
4075
67992
55486
30933
25960
57241
97431
19397
13941
6456
88375
95793
81463
16174
39494
42301
57569
26369
79331
71586
92406
39991
94904
42422
72453
44117
35407
80147
41394
67736
33662
96231
62390
59951
41469
68216
46589
54131
32153
97233
38125
56196
47169
72430
8998
96162
2941
3200
32613
32837
73662
91645
4290
33849
72880
43175
36858
22745
67468
6487
78599
10246
88171
90086
34986
54501
32501
98328
94795
91571
45719
35749
91639
37829
8371
32293
59433
8192
22226
11992
95523
94353
40404
66383
86971
57803
63719
58010
36563
507
3222
63983
55904
58665
53465
60148
75468
85997
76970
69705
58999
3148
30456
17397
21592
20622
5620
79947
56482
56732
9321
75160
26178
76091
23624
99212
73924
94848
60961
7267
27925
65935
16111
10383
55907
62932
43530
31460
67520
61885
83168
67807
21158
57042
69405
40436
9844
35474
82982
55090
26422
40491
34278
90101
86436
41206
84384
873
53089
61612
85987
44853
28515
33097
17115
65323
4530
8060
91556
23819
76681
26184
35162
70575
30074
11578
96812
3254
35438
80550
38030
21488
85386
3169
75278
35075
43757
41045
41502
88696
51702
85733
18576
5221
41762
73277
40448
18808
14930
24404
58859
67548
64908
29793
46749
19723
84152
60887
99624
27761
13259
58175
32784
77944
44512
96880
52708
18901
93922
97550
54023
39919
87014
11548
41292
94919
79669
72735
736
72904
18280
83408
58497
877
71372
22397
22349
64169
85541
8734
21973
23415
40046
26959
18128
69630
14398
7630
63308
56129
71846
41683
46943
2497
24727
6759
55867
42863
98401
85410
34592
18225
99351
93605
69996
29104
90638
82001
17614
99164
87363
36226
30808
73981
284
38027
7858
41591
78342
93455
78218
18296
77854
84313
93098
56194
3308
13753
80706
46128
30058
13596
11780
70662
39106
29254
88879
81721
31541
17007
27107
30392
95992
63095
13427
81270
95800
15399
66201
88821
85022
17318
75683
6897
10286
4756
74795
71430
64137
67303
4036
27294
74483
1791
98064
64923
27503
73704
30831
62141
75334
5932
6289
80945
998
978
38061
15255
16999
91543
14154
32174
38889
27271
23194
91742