61469
77152
18453
73698
36790
62810
55237
56885
7118
22084
368
53189
6341
41709
70859
23162
4500
14781
86212
95202
80438
48158
32830
13607
33236
56695
43081
36128
3500
8658
17021
16802
9565
24511
18995
51959
54962
12914
43424
73063
36968
36776
975
75667
54238
92967
59258
26273
86552
4195
34181
25937
20304
72732
31127
63949
96153
54341
26229
85631
19409
65024
12253
22749
48003
23748
58908
15168
43638
56001
34636
86067
25270
11642
17166
58022
83709
82864
56672
43905
39709
60800
79163
97846
10413
4099
7595
50479
45165
76756
58539
51047
42807
85102
19325
34101
452
42451
41540
546
71544
56841
17502
28379
51596
30334
32225
4067
534
42989
99600
19264
24151
52057
59129
13429
90241
54134
48815
3824
12994
50727
39616
70330
51441
70817
79026
70988
5044
27087
96094
81281
5196
41359
22505
42342
20765
82618
75003
21133
39006
5024
2270
17985
91673
85265
95285
58836
80864
38745
81270
46996
19085
19715
2246
35869
59475
40190
77423
99368
26854
72029
59616
62720
32324
279
32865
57621
40959
61423
81234
89770
5064
55887
52735
30792
8505
30349
62562
54038
63038
95088
35029
37440
23105
81259
34514
34004
45745
51815
99753
83276
1039
27776
76797
89285
37301
51590
45595
73550
64483
25123
888
10428
83303
79580
98054
16474
81576
47089
46963
50046
16560
35422
10271
54039
12019
82532
82391
17986
51392
34146
93363
66556
52227
35484
77672
49202
28884
75966
53482
80596
96544
94522
26114
52616
4401
80429
15112
1210
48317
27807
84414
45809
57064
70633
2952
43229
75127
15857
60171
3373
92466
38129
3553
98205
97397
45974
3958
8204
1716
25476
57123
70347
32072
33303
26852
15633
43706
78564
70520
20108
18954
30046
70101
86739
3292
70388
15077
91830
96320
5079
26913
11319
5437
27354
4008
36241
57722
66930
27740
90102
15561
92669
36249
70168
95151
43071
10803
57181
76468
68551
98859
84277
51524
6448
31085
1159
76383
76611
27881
93575
34307
28378
19788
87141
56724
89663
14587
33567
70246
45523
73516
53622
10183
65515
49216
13533
88267
45621
23777
70030
35316
50264
20948
69976
12094
8281
22234
30963
44101
88186
74089
75059
50868
11805
610
15834
56203
57350
82895
98568
75820
44638
79771
65166
54306
79220
57197
36929
78734
77918
56162
39145
55183
39261
80455
18841
98509
86174
83536
3961
97091
60605
22136
15390
65447
75620
46677
78268
30966
75858
16727
86770
55937
87222
96605
2435
30222
84698
76531
77829
27661
39709
24364
65106
4120
16697
69593
92892
69477
15427
37091
65854
71947
33456
10410
25261
70351
22420
71162
38925
35754
86726
82183
52768
13112
96128
43014
70329
99648
15811
24967
33839
21499
6679
74706
2573
17923
58735
73149
73318
35289
16651
96423
52005
4435
85431
44404
3363
55936
74289
49446
41618
11065
57160
19956
51446
166
67488
94569
45811
78186
89617
77820
88322
82605
45295
13256
46813
22532
5509
36199
14042
70238
19227
48176
89908
64109
84470
76585
35876
81936
19038
82539
2159
74169
38299
25393
77465
9407
55929
20060
38839
1730
19850
16135
15426
80503
74954
39873
69863
74703
76862
50156
24604
4904
36438
80721
37677
2735
17
81886
6004
73232
89120
60798
92647
41437
90243
48627
8747
10711
95215
12050
62119
36059
34481
72186
66067
54860
82764
75475
70159
57753
91166
9664
71344
21898
48832
99616
85941
63981
92173
99558
28344
63671
49626
32019
22720
54649
50243
7533
4595
84097
77895
99102
67880
98505
51785
63212
51546
6465
20216
93520
55449
46516
18344
7957
9787
98777
35743
42799
99536
96217
13900
3350
64371
95127
86257
24541
28764
98369
34945
2515
87666
48370
39556
53814
28062
35393
96984
75310
59066
67209
34258
95661
22825
92790
17730
35777
2624
72649
11252
29812
4354
20936
6483
7233
75337
1093
35080
50834
94688
92361
69440
80602
718
20733
51147
47916
30572
29781
42785
82743
61112
70778
63903
89726
6626
30930
59183
65912
32419
48173
59270
78049
12110
73455
91686
97563
39935
76341
77668
4453
97007
26022
50372
34069
79914
37879
32256
56021
84375
81339
6856
35640
95094
18694
22179
46456
3337
52988
63635
28717
3689
96442
25879
89515
24857
84768
6218
15257
29495
98394
30856
21129
28655
80426
33969
11897
33706
89812
56102
17125
77123
18406
42384
19591
16730
81665
41729
93165
51778
87656
59602
36788
37813
15492
25259
33542
28359
46385
34785
51822
27831
36969
83641
45812
18178
12523
94603
18585
42066
680
24546
99472
37844
13002
47199
59735
23688
61696
23997
15089
70161
50634
75472
35202
90027
77918
17351
18246
81564
89269
67216
11758
41315
44150
77754
312
74829
92348
22742
76746
59399
22342
20343
74122
88654
77083
4344
35101
71202
22199
35709
15674
33977
62327
82353
68202
61135
76605
53806
92543
60347
25632
3228
50446
91965
54548
86320
7850
12692
18737
60726
24223
35916
24003
94825
88103
17876
67405
90271
72044
57966
48058
57986
31707
10751
71554
5401
69569
45766
39317
75557
36901
48298
88487
34087
35009
95115
62424
87135
47134
2587
88062
28879
42284
97414
76338
65534
64507
71116
15028
27064
76857
36687
22748
64530
72808
66439
81182
51116
71322
60883
74105
45968
80876
98123
68636
20982
9596
21969
43381
66730
18057
66533
59704
52965
71174
5143
35464
32919
53114
87639
83557
24295
33015
93033
82578
39857
70484
99765
61537
5006
36105
76250
85470
37490
47751
91043
47541
97454
1874
66865
3969
33525
35037
1879
39953
36700
52960
77861
68569
74299
73367
99996
68371
79376
55834
53025
91760
90114
78580
26189
33023
26979
38723
25152
54039
17423
91372
32213
80453
55953
17592
10129
55725
65541
13742
98933
60767
64536
79982
41139
13976
56875
75176
60702
57298
65655
91639
89626
43657
77610
38013
77234
52874
86287
40539
712
3354
90956
5357
76839
4352
72933
41761
38452
22800
81662
54642
19075
64373
2333
37893
24390
48282
93422
8415
37824
83222
99136
27169
8728
13682
15213
92897
82153
38423
57719
13030
65174
95577
72237
48416
28795
1818
18061
46145
13694
35644
63811
52636
35556
13543
61008
87000
34209
38867
18918
77553
33863
36243
74703
92556
83391
93086
51757
16245
46710
27195
24637
19607
63022
83496
81909
38263
758
2279
69260
17837
11796
92870
69977
36223
16542
40425
72531
21852
91784
21718
42551
37682
6231
36957
30024
74541
67476